Wpay	v_sep	SS_tau	SH_tau	FS_tau	SS_TOGW	SS_Spln	SS_Swet	SS_OWEw	SS_OWEv	SS_OEW	SS_mppl	SS_WR	SH_TOGW	SH_Spln	SH_Swet	SH_OWEw	SH_OWEv	SH_OEW	SH_mppl	SH_WR	FS_TOGW	FS_Spln	FS_Swet	FS_OWEw	FS_OWEv	FS_OEW	FS_mppl	FS_WR
100000	1300	0.15	0.24	0.137425378204689	1636037.29163776	636.663708060868	2027.31710396333	235134.036311905	235134.036311904	135134.036311905	1400903.25597908	6.95789226414156	3395583.6660536	624.368729168213	2133.89951123339	312135.529576238	312135.529576238	312135.529576238	3083448.13614744	10.8785554478005	5031620.95769136	1261.03243722908	4161.21661519672	547269.565888143	547269.565888142	447269.565888143	4484351.39212651	17.836447711942
100000	1500	0.15	0.26	0.145117282233234	1522657.86953938	613.34431839583	1953.06157954227	230904.768291976	230904.768291976	130904.768291976	1291753.10177073	6.59431107172861	3596662.20936114	616.717678708353	2176.82913059809	316564.590986189	316564.590986189	316564.590986189	3280097.61790534	11.3615429877577	5119320.07890052	1230.06199710418	4129.89071014036	547469.359278165	547469.359278165	447469.359278165	4571850.71967607	17.9558540594863
100000	1300	0.15	0.22	0.13160833412995	1636037.29163776	636.663708060868	2027.31710396333	235134.036311905	235134.036311904	135134.036311905	1400903.25597908	6.95789226414156	3418064.06751652	663.718598779385	2208.55735434322	320108.67185348	320108.67185348	320108.67185348	3097955.3956629	10.6778240268383	5054101.35915428	1300.38230684025	4235.87445830655	555242.708165385	555242.708165384	455242.708165385	4498858.65164198	17.6357162909798
100000	1500	0.15	0.24	0.13939168609928	1522657.86953938	613.34431839583	1953.06157954227	230904.768291976	230904.768291976	130904.768291976	1291753.10177073	6.59431107172861	3613335.2784711	651.988207463203	2228.29435915076	322058.825536905	322058.825536872	322058.825536905	3291276.45257788	11.2194884648511	5135993.14801048	1265.33252585903	4181.35593869303	552963.593828881	552963.593828848	452963.593828881	4583029.55434861	17.8137995365797
100000	1300	0.15	0.26	0.142849385402686	1636037.29163776	636.663708060868	2027.31710396333	235134.036311905	235134.036311904	135134.036311905	1400903.25597908	6.95789226414156	3380874.31665068	590.71679668431	2085.05378611676	306918.552705927	306918.552705927	306918.552705927	3073955.76394478	11.0155423542938	5016911.60828844	1227.38050474518	4112.37089008009	542052.589017831	542052.589017831	442052.589017831	4474859.01992385	17.9734346184354
100000	1500	0.15	0.28	0.150499333008671	1522657.86953938	613.34431839583	1953.06157954227	230904.768291976	230904.768291976	130904.768291976	1291753.10177073	6.59431107172861	3587236.61280542	586.239721889283	2147.73658931092	313458.597865063	313458.597865063	313458.597865063	3273778.01460716	11.4440523785423	5109894.4823448	1199.58404028511	4100.79816885319	544363.366157039	544363.366157039	444363.366157039	4565531.11637789	18.0383634502709
100000	1300	0.15	0.28	0.147933098866902	1636037.29163776	636.663708060868	2027.31710396333	235134.036311905	235134.036311904	135134.036311905	1400903.25597908	6.95789226414156	3372556.27989698	561.590830128002	2057.43338271301	303968.387854025	303968.387854024	303968.387854025	3068587.89204294	11.0950888798231	5008593.57153473	1198.25453818887	4084.75048667634	539102.42416593	539102.424165928	439102.42416593	4469491.14802201	18.0529811439647
100000	1500	0.15	0.3	0.155581796406298	1522657.86953938	613.34431839583	1953.06157954227	230904.768291976	230904.768291976	130904.768291976	1291753.10177073	6.59431107172861	3583894.26785314	559.6323400174	2137.42058519866	312357.203366037	312357.203366036	312357.203366037	3271537.06448724	11.4737045575782	5106552.13739252	1172.97665841323	4090.48216474093	543261.971658013	543261.971658012	443261.971658013	4563290.16625797	18.0680156293068
110000	1500	0.15	0.28	0.150152403203819	1626039.99968244	644.648836218867	2052.74400781711	246582.240908816	246582.240908815	136582.240908816	1379457.76040784	6.59431107172861	3798662.28120316	609.71893794705	2233.75459445921	324152.502950675	324152.502950504	324152.502950675	3474509.77688032	11.7187504191785	5424702.2808856	1254.36777416592	4286.49860227631	570734.743859491	570734.74385932	460734.743859491	4853967.53728815	18.3130614909071
110000	1500	0.15	0.3	0.155195533434136	1626039.99968244	644.648836218867	2052.74400781711	246582.240908816	246582.240908815	136582.240908816	1379457.76040784	6.59431107172861	3795195.46228454	582.051797973654	2223.04789355472	323010.090938994	323010.090938794	323010.090938994	3472185.37125779	11.7494640838127	5421235.46196698	1226.70063419252	4275.79190137182	569592.33184781	569592.33184761	459592.33184781	4851643.13166563	18.3437751555413
110000	1500	0.15	0.26	0.144809835114241	1626039.99968244	644.648836218867	2052.74400781711	246582.240908816	246582.240908815	136582.240908816	1379457.76040784	6.59431107172861	3808438.56795547	641.399295263044	2263.94786216912	327374.058220585	327374.058220583	327374.058220585	3481064.50927846	11.63329369529	5434478.56763791	1286.04813148191	4316.69186998623	573956.299129401	573956.299129398	463956.299129401	4860522.2696863	18.2276047670187
110000	1300	0.15	0.26	0.142581447535315	1746126.26403646	668.766074030642	2129.54010612948	250956.208829537	250956.208829537	140956.208829537	1495170.05522379	6.95789226414156	3579855.40677203	614.363676639337	2168.52020667028	317456.607663562	317456.607663562	317456.607663562	3262398.79905529	11.2766763088225	5325981.67080849	1283.12975066998	4298.06031279976	568412.816493099	568412.816493099	458412.816493099	4757568.85427908	18.2345685729641
110000	1300	0.15	0.28	0.147629565494024	1746126.26403646	668.766074030642	2129.54010612948	250956.208829537	250956.208829537	140956.208829537	1495170.05522379	6.95789226414156	3571226.43738642	584.086764498481	2139.84905595076	314396.164087262	314396.164087261	314396.164087262	3256830.27329916	11.3590013025579	5317352.70142288	1252.85283852912	4269.38916208023	565352.372916799	565352.372916798	455352.372916799	4752000.32852295	18.3168935666995
110000	1500	0.15	0.32	0.159976148615121	1626039.99968244	644.648836218867	2052.74400781711	246582.240908816	246582.240908815	136582.240908816	1379457.76040784	6.59431107172861	3797125.32630524	557.6773822214	2229.00794365696	323646.034184766	323646.034184765	323646.034184766	3473479.29212048	11.7323400420149	5423165.32598768	1202.32621844027	4281.75195147407	570228.275093582	570228.27509358	460228.275093582	4852937.05252832	18.3266511137435
110000	1300	0.15	0.24	0.137193387873233	1746126.26403646	668.766074030642	2129.54010612948	250956.208829537	250956.208829537	140956.208829537	1495170.05522379	6.95789226414156	3595113.64142206	649.333312748322	2219.22074884679	322868.258135361	322868.258135315	322868.258135361	3272245.38317543	11.1349243870345	5341239.90545852	1318.09938677896	4348.76085497627	573824.466964898	573824.466964852	463824.466964898	4767415.43839922	18.0928166511761
110000	1300	0.17	0.24	0.145861259800467	1665080.11730241	601.970303007967	1925.0283712039	239308.120059868	239308.120059869	129308.120059868	1425771.99725095	6.95789226414156	3448271.77729841	631.006665932121	2156.58592929755	314984.564203236	314984.564203236	314984.564203236	3133287.21215253	10.9474309799221	5113351.89460083	1232.97696894009	4081.61430050145	554292.684263105	554292.684263105	444292.684263105	4559059.20940348	17.9053232440636
120000	1500	0.17	0.28	0.159428199849903	1652082.58872847	608.68706353687	1946.50776066234	250531.491595866	250531.491595866	130531.491595866	1401551.09725144	6.59431107172861	3851835.73787491	615.555690308047	2255.13800834331	326818.037339877	326818.037339833	326818.037339877	3525017.70110661	11.7858725601511	5503918.32660338	1224.24275384492	4201.64576900565	577349.528935743	577349.528935698	457349.528935743	4926568.79835804	18.3801836318797
120000	1500	0.17	0.26	0.15355843292215	1652082.58872847	608.68706353687	1946.50776066234	250531.491595866	250531.491595866	130531.491595866	1401551.09725144	6.59431107172861	3861699.17810088	647.534920153928	2285.60478470922	330068.311890164	330068.311890157	330068.311890164	3531630.86552854	11.6996968151967	5513781.76682935	1256.2219836908	4232.11254537156	580599.80348603	580599.803486023	460599.80348603	4933181.96277997	18.2940078869253
120000	1500	0.17	0.3	0.1649756342	1652082.58872847	608.68706353687	1946.50776066234	250531.491595866	250531.491595866	130531.491595866	1401551.09725144	6.59431107172861	3848337.98480307	587.625113645083	2244.33422529807	325665.431509137	325665.431509137	325665.431509137	3522672.55320875	11.8168451802964	5500420.57353154	1196.31217718195	4190.84198596042	576196.923105003	576196.923105003	456196.923105003	4924223.65046019	18.411156252025
120000	1500	0.17	0.32	0.170239396688982	1652082.58872847	608.68706353687	1946.50776066234	250531.491595866	250531.491595866	130531.491595866	1401551.09725144	6.59431107172861	3850285.07083235	563.016549835873	2250.34832324663	326307.049862368	326307.049862304	326307.049862368	3523978.02076391	11.799576724592	5502367.65956082	1171.70361337274	4196.85608390898	576838.541458234	576838.54145817	456838.541458234	4925529.11801535	18.3938877963206
120000	1300	0.19	0.24	0.153605008250907	1710201.4546329	576.279899309323	1863.31213442823	245793.034704997	245793.034704997	125793.034704997	1464408.42004878	6.95789226414156	3530057.58253296	641.244905172984	2191.57706945454	319385.619995763	319385.619995738	319385.619995763	3210671.96218265	11.0526503423205	5240259.03716586	1217.52480448231	4054.88920388277	565178.654700761	565178.654700735	445178.654700761	4675080.38223143	18.010542606462
120000	1300	0.19	0.26	0.160093137818823	1710201.4546329	576.279899309323	1863.31213442823	245793.034704997	245793.034704997	125793.034704997	1464408.42004878	6.95789226414156	3514977.16107135	606.702160956108	2141.47734556937	314037.034706259	314037.034706251	314037.034706259	3200940.12644933	11.1928746379974	5225178.61570425	1182.98206026543	4004.7894799976	559830.069411256	559830.069411248	439830.069411256	4665348.54649811	18.1507669021389
120000	1500	0.15	0.3	0.154853079035427	1728299.99043485	675.015078626087	2149.43870210517	262089.545322279	262089.545322279	142089.545322279	1466210.44518074	6.59431107172861	4003679.15384174	603.773413832265	2306.00991265198	333374.683514524	333374.683514523	333374.683514524	3670304.46967584	12.0095476686547	5731979.14427659	1278.78849245835	4455.44861475716	595464.228836804	595464.228836802	475464.228836804	5136514.91485659	18.6038587403834
120000	1500	0.17	0.24	0.147320581881767	1652082.58872847	608.68706353687	1946.50776066234	250531.491595866	250531.491595866	130531.491595866	1401551.09725144	6.59431107172861	3879145.25329242	684.52531093118	2339.49613134676	335817.273238842	335817.273238843	335817.273238842	3543327.98003982	11.5513571290292	5531227.84202089	1293.21237446805	4286.0038920091	586348.764834708	586348.764834709	466348.764834708	4944879.07729125	18.1456682007578
130000	1300	0.17	0.28	0.15697040002619	1875286.60343146	658.033720509487	2104.31241351927	269519.350435542	269519.350435542	139519.350435542	1605767.25299637	6.95789226414156	3803714.81635459	609.896240061531	2234.40415508162	326418.103280269	326418.103280267	326418.103280269	3477296.71251002	11.6528917286317	5679001.41978605	1267.92996057102	4338.71656860089	595937.453715811	595937.453715809	465937.453715811	5083063.9655064	18.6107839927733
130000	1500	0.19	0.28	0.167948618607013	1693495.17136755	581.810522972354	1881.19455266741	256811.538587943	256811.538587943	126811.538587943	1436683.63367019	6.59431107172861	3936323.15858743	624.775557188178	2288.91573562391	331034.2244576	331034.2244576	331034.2244576	3605288.93411958	11.8909854865516	5629818.32995498	1206.58608016053	4170.11028829132	587845.763045542	587845.763045543	457845.763045542	5041972.56778977	18.4852965582802
130000	1500	0.17	0.3	0.164690659086251	1750409.27108372	635.649355548267	2032.72991616614	265442.326279366	265442.326279366	135442.326279366	1484966.94481006	6.59431107172861	4048689.85491793	608.41372895865	2323.73280742364	335594.209905194	335594.209905063	335594.209905194	3713095.64632322	12.0642422804976	5799099.12600165	1244.06308450692	4356.46272358979	601036.53618456	601036.53618443	471036.53618456	5198062.59113328	18.6585533522262
130000	1300	0.17	0.3	0.162190947779257	1875286.60343146	658.033720509487	2104.31241351927	269519.350435542	269519.350435542	139519.350435542	1605767.25299637	6.95789226414156	3800527.8249965	582.25082876855	2223.80805784059	325287.770505551	325287.770505514	325287.770505551	3475240.05438014	11.6835865639186	5675814.42842796	1240.28454927804	4328.12047135986	594807.120941093	594807.120941056	464807.120941093	5081007.30737652	18.6414788280601
130000	1500	0.19	0.3	0.173974931736024	1693495.17136755	581.810522972354	1881.19455266741	256811.538587943	256811.538587943	126811.538587943	1436683.63367019	6.59431107172861	3932776.54797799	596.428859062081	2277.95863428158	329865.518702392	329865.518702392	329865.518702392	3602911.02832757	11.9223632785279	5626271.71934554	1178.23938203443	4159.15318694899	586677.057290335	586677.057290335	456677.057290335	5039594.66199776	18.5166743502565
130000	1500	0.17	0.28	0.159176005276679	1750409.27108372	635.649355548267	2032.72991616614	265442.326279366	265442.326279366	135442.326279366	1484966.94481006	6.59431107172861	4052302.9637602	637.32689055705	2334.89855956851	336784.828351527	336784.82835151	336784.828351527	3715518.13400024	12.0323204052472	5802712.23484392	1272.97624610532	4367.62847573465	602227.154630893	602227.154630876	472227.154630893	5200485.07881029	18.6266314769758
130000	1300	0.17	0.26	0.151429696025106	1875286.60343146	658.033720509487	2104.31241351927	269519.350435542	269519.350435542	139519.350435542	1605767.25299637	6.95789226414156	3812700.37237268	641.493389552029	2264.27998689387	329605.017786828	329605.017786767	329605.017786828	3483095.35466142	11.5674827951622	5687986.97580414	1299.52711006152	4368.59240041314	599124.36822237	599124.368222309	469124.36822237	5088862.6076578	18.5253750593037
130000	1500	0.17	0.32	0.169921602889156	1750409.27108372	635.649355548267	2032.72991616614	265442.326279366	265442.326279366	135442.326279366	1484966.94481006	6.59431107172861	4050701.16257383	582.931766334054	2329.94842393078	336256.990942477	336256.990942471	336256.990942477	3714444.17152632	12.0464444504642	5801110.43365754	1218.58112188232	4362.67834009692	601699.317221843	601699.317221837	471699.317221843	5199411.11633638	18.6407555221928
140000	1300	0.21	0.26	0.167622970039854	1867158.39498651	579.887853646824	1908.22634804788	268351.150738276	268351.150738275	128351.150738276	1598807.24505706	6.95789226414156	3798065.50760655	639.80456401305	2258.31893736234	328847.007662885	328847.007662797	328847.007662885	3469218.49933831	11.5496428992742	5665223.90259305	1219.69241765987	4166.54528541022	597198.158401161	597198.158401072	457198.158401161	5068025.74439537	18.5075351634157
140000	1300	0.21	0.28	0.174165638246331	1867158.39498651	579.887853646824	1908.22634804788	268351.150738276	268351.150738275	128351.150738276	1598807.24505706	6.95789226414156	3789102.14473669	608.289592577111	2228.51807220533	325667.964457854	325667.964457851	325667.964457854	3463434.17949053	11.634862981553	5656260.53972319	1188.17744622394	4136.74442025321	594019.11519613	594019.115196127	454019.115196129	5062241.42454759	18.5927552456945
140000	1300	0.19	0.28	0.16582203912109	1913915.51473679	626.661478880913	2026.21319809524	275071.162686441	275071.16268644	135071.162686441	1638844.35225797	6.95789226414156	3873128.80161315	617.500720838411	2262.26378484976	329971.744997017	329971.744997013	329971.744997017	3543157.05613725	11.7377589440856	5787044.31634995	1244.16219971932	4288.476982945	605042.907683457	605042.907683454	465042.907683457	5182001.40839522	18.6956512082272
140000	1300	0.19	0.3	0.171519909590488	1913915.51473679	626.661478880913	2026.21319809524	275071.162686441	275071.16268644	135071.162686441	1638844.35225797	6.95789226414156	3869904.52614422	589.512231272356	2251.54175026545	328828.188638319	328828.188638319	328828.188638319	3541076.33750639	11.7687736631401	5783820.04088101	1216.17371015327	4277.75494836069	603899.351324759	603899.351324759	463899.351324759	5179920.68976436	18.7266659272817
140000	1300	0.21	0.3	0.18034634850229	1867158.39498651	579.887853646824	1908.22634804788	268351.150738276	268351.150738275	128351.150738276	1598807.24505706	6.95789226414156	3785923.03123694	580.716666465068	2217.94858573003	324540.425703535	324540.425703464	324540.425703535	3461382.60489378	11.6654898149907	5653081.42622344	1160.60452011189	4126.17493377791	592891.57644181	592891.576441739	452891.576441811	5060189.84995084	18.6233820791322
140000	1300	0.19	0.26	0.159782092242318	1913915.51473679	626.661478880913	2026.21319809524	275071.162686441	275071.16268644	135071.162686441	1638844.35225797	6.95789226414156	3882219.39316682	649.48681740233	2292.49439876919	333195.912539993	333195.912539959	333195.912539993	3549023.480765	11.6514616392211	5796134.90790362	1276.14829628324	4318.70759686443	608267.075226434	608267.0752264	468267.075226434	5187867.83302297	18.6093539033626
140000	1300	0.21	0.24	0.1606693796012	1867158.39498651	579.887853646824	1908.22634804788	268351.150738276	268351.150738275	128351.150738276	1598807.24505706	6.95789226414156	3813914.02912005	676.191474073676	2311.01365045663	334468.015632662	334468.015632631	334468.015632662	3479446.01256317	11.4029259897442	5681072.42410656	1256.0793277205	4219.23999850451	602819.166370937	602819.166370907	462819.166370937	5078253.25762023	18.3608182538857
140000	1300	0.19	0.32	0.176915841166139	1913915.51473679	626.661478880913	2026.21319809524	275071.162686441	275071.16268644	135071.162686441	1638844.35225797	6.95789226414156	3871699.41400179	564.808453650909	2257.51047104985	329464.782968674	329464.782968674	329464.782968674	3542234.6309864	11.7514818399368	5785614.92873858	1191.46993253182	4283.7236691451	604535.945655114	604535.945655114	464535.945655114	5181078.98324437	18.7093741040783
150000	1300	0.23	0.28	0.181781899819934	1932064.60364776	562.759243857073	1896.43522883155	277679.58045889	277679.58045889	127679.58045889	1654385.0243261	6.95789226414156	3905723.67792898	621.0560994107	2275.28920152393	331634.968382416	331634.968382416	331634.968382416	3574088.70954508	11.7771768670176	5837788.28157675	1183.81534326777	4171.72443035549	609314.548841306	609314.548841306	459314.548841306	5228473.73387117	18.7350691311591
150000	1300	0.21	0.28	0.174029424495053	1966225.91110484	602.500637598977	1982.63782238528	282589.300974249	282589.300974249	132589.300974249	1683636.61020365	6.95789226414156	3967045.06180526	627.718595574497	2299.69779454969	334754.715328957	334754.715328957	334754.715328957	3632290.34606401	11.8506024851498	5933270.97291009	1230.21923317347	4282.33561693498	617344.016303206	617344.016303206	467344.016303206	5315926.95626766	18.8084947492914
150000	1300	0.21	0.3	0.180184375161539	1966225.91110484	602.500637598977	1982.63782238528	282589.300974249	282589.300974249	132589.300974249	1683636.61020365	6.95789226414156	3963770.69608676	599.269134092342	2288.8065819129	333593.393347159	333593.393347158	333593.393347159	3630177.30193693	11.8820419538679	5929996.6071916	1201.76977169132	4271.44440429819	616182.694321408	616182.694321407	466182.694321408	5313813.91214058	18.8399342180094
150000	1300	0.23	0.26	0.174784224761916	1932064.60364776	562.759243857073	1896.43522883155	277679.58045889	277679.58045889	127679.58045889	1654385.0243261	6.95789226414156	3914863.37326307	653.224035985434	2305.68566368663	334876.551445139	334876.551445122	334876.551445139	3579986.82058562	11.6904672935039	5846927.97691084	1215.98327984251	4202.12089251818	612556.131904029	612556.131904012	462556.131904029	5234371.84491171	18.6483595576454
150000	1300	0.23	0.3	0.188399525515075	1932064.60364776	562.759243857073	1896.43522883155	277679.58045889	277679.58045889	127679.58045889	1654385.0243261	6.95789226414156	3902481.97238603	592.907210133988	2264.50829488105	330485.229997041	330485.229997041	330485.229997041	3571996.74182861	11.8083400334127	5834546.5760338	1155.66645399106	4160.9435237126	608164.810455931	608164.810455931	458164.810455931	5226381.76615471	18.7662322975542
150000	1300	0.21	0.32	0.186018805719476	1966225.91110484	602.500637598977	1982.63782238528	282589.300974249	282589.300974249	132589.300974249	1683636.61020365	6.95789226414156	3965593.47078399	574.155338062265	2294.86948948156	334239.878346814	334239.878346677	334239.878346814	3631353.59183986	11.864513264548	5931819.38188883	1176.65597566124	4277.50731186685	616829.179321063	616829.179320926	466829.179321063	5314990.20204351	18.8224055286895
150000	1300	0.21	0.26	0.167512460436665	1966225.91110484	602.500637598977	1982.63782238528	282589.300974249	282589.300974249	132589.300974249	1683636.61020365	6.95789226414156	3976276.76570209	660.227274299187	2330.40500236657	338028.931218304	338028.931218304	338028.931218304	3638247.83371757	11.7631255721361	5942502.67680693	1262.72791189816	4313.04282475185	620618.232192553	620618.232192552	470618.232192553	5321884.44392122	18.7210178362777
150000	1300	0.25	0.26	0.181536284665773	1908967.19730145	529.57969527149	1838.15126304877	274359.982154379	274359.982154378	124359.982154379	1634607.21526759	6.95789226414156	3873317.05778063	648.46585158817	2288.89069450979	332736.975933314	332736.975933313	332736.975933314	3540580.08184733	11.6407773645118	5782284.25508208	1178.04554685966	4127.04195755855	607096.958087693	607096.958087692	457096.958087693	5175187.29711492	18.5986696286534
