Wpay	v_sep	SS_tau	SH_tau	FS_tau	SS_TOGW	SS_Spln	SS_Swet	SS_OWEw	SS_OWEv	SS_OEW	SS_mppl	SS_WR	SH_TOGW	SH_Spln	SH_Swet	SH_OWEw	SH_OWEv	SH_OEW	SH_mppl	SH_WR	FS_TOGW	FS_Spln	FS_Swet	FS_OWEw	FS_OWEv	FS_OEW	FS_mppl	FS_WR
140000	1300	0.21	0.26	0.167622970039854	1867158.39498651	579.887853646824	1908.22634804788	268351.150738276	268351.150738275	128351.150738276	1598807.24505706	6.95789226414156	3798065.50760655	639.80456401305	2258.31893736234	328847.007662885	328847.007662797	328847.007662885	3469218.49933831	11.5496428992742	5665223.90259305	1219.69241765987	4166.54528541022	597198.158401161	597198.158401072	457198.158401161	5068025.74439537	18.5075351634157
140000	1300	0.21	0.28	0.174165638246331	1867158.39498651	579.887853646824	1908.22634804788	268351.150738276	268351.150738275	128351.150738276	1598807.24505706	6.95789226414156	3789102.14473669	608.289592577111	2228.51807220533	325667.964457854	325667.964457851	325667.964457854	3463434.17949053	11.634862981553	5656260.53972319	1188.17744622394	4136.74442025321	594019.11519613	594019.115196127	454019.115196129	5062241.42454759	18.5927552456945
140000	1300	0.19	0.28	0.16582203912109	1913915.51473679	626.661478880913	2026.21319809524	275071.162686441	275071.16268644	135071.162686441	1638844.35225797	6.95789226414156	3873128.80161315	617.500720838411	2262.26378484976	329971.744997017	329971.744997013	329971.744997017	3543157.05613725	11.7377589440856	5787044.31634995	1244.16219971932	4288.476982945	605042.907683457	605042.907683454	465042.907683457	5182001.40839522	18.6956512082272
140000	1300	0.19	0.3	0.171519909590488	1913915.51473679	626.661478880913	2026.21319809524	275071.162686441	275071.16268644	135071.162686441	1638844.35225797	6.95789226414156	3869904.52614422	589.512231272356	2251.54175026545	328828.188638319	328828.188638319	328828.188638319	3541076.33750639	11.7687736631401	5783820.04088101	1216.17371015327	4277.75494836069	603899.351324759	603899.351324759	463899.351324759	5179920.68976436	18.7266659272817
140000	1300	0.21	0.3	0.18034634850229	1867158.39498651	579.887853646824	1908.22634804788	268351.150738276	268351.150738275	128351.150738276	1598807.24505706	6.95789226414156	3785923.03123694	580.716666465068	2217.94858573003	324540.425703535	324540.425703464	324540.425703535	3461382.60489378	11.6654898149907	5653081.42622344	1160.60452011189	4126.17493377791	592891.57644181	592891.576441739	452891.576441811	5060189.84995084	18.6233820791322
130000	1300	0.17	0.28	0.15697040002619	1875286.60343146	658.033720509487	2104.31241351927	269519.350435542	269519.350435542	139519.350435542	1605767.25299637	6.95789226414156	3803714.81635459	609.896240061531	2234.40415508162	326418.103280269	326418.103280267	326418.103280269	3477296.71251002	11.6528917286317	5679001.41978605	1267.92996057102	4338.71656860089	595937.453715811	595937.453715809	465937.453715811	5083063.9655064	18.6107839927733
140000	1300	0.19	0.26	0.159782092242318	1913915.51473679	626.661478880913	2026.21319809524	275071.162686441	275071.16268644	135071.162686441	1638844.35225797	6.95789226414156	3882219.39316682	649.48681740233	2292.49439876919	333195.912539993	333195.912539959	333195.912539993	3549023.480765	11.6514616392211	5796134.90790362	1276.14829628324	4318.70759686443	608267.075226434	608267.0752264	468267.075226434	5187867.83302297	18.6093539033626
140000	1300	0.21	0.24	0.1606693796012	1867158.39498651	579.887853646824	1908.22634804788	268351.150738276	268351.150738275	128351.150738276	1598807.24505706	6.95789226414156	3813914.02912005	676.191474073676	2311.01365045663	334468.015632662	334468.015632631	334468.015632662	3479446.01256317	11.4029259897442	5681072.42410656	1256.0793277205	4219.23999850451	602819.166370937	602819.166370907	462819.166370937	5078253.25762023	18.3608182538857
120000	1500	0.17	0.28	0.159428199849903	1652082.58872847	608.68706353687	1946.50776066234	250531.491595866	250531.491595866	130531.491595866	1401551.09725144	6.59431107172861	3851835.73787491	615.555690308047	2255.13800834331	326818.037339877	326818.037339833	326818.037339877	3525017.70110661	11.7858725601511	5503918.32660338	1224.24275384492	4201.64576900565	577349.528935743	577349.528935698	457349.528935743	4926568.79835804	18.3801836318797
120000	1500	0.17	0.26	0.15355843292215	1652082.58872847	608.68706353687	1946.50776066234	250531.491595866	250531.491595866	130531.491595866	1401551.09725144	6.59431107172861	3861699.17810088	647.534920153928	2285.60478470922	330068.311890164	330068.311890157	330068.311890164	3531630.86552854	11.6996968151967	5513781.76682935	1256.2219836908	4232.11254537156	580599.80348603	580599.803486023	460599.80348603	4933181.96277997	18.2940078869253
130000	1500	0.19	0.28	0.167948618607013	1693495.17136755	581.810522972354	1881.19455266741	256811.538587943	256811.538587943	126811.538587943	1436683.63367019	6.59431107172861	3936323.15858743	624.775557188178	2288.91573562391	331034.2244576	331034.2244576	331034.2244576	3605288.93411958	11.8909854865516	5629818.32995498	1206.58608016053	4170.11028829132	587845.763045542	587845.763045543	457845.763045542	5041972.56778977	18.4852965582802
120000	1500	0.17	0.3	0.1649756342	1652082.58872847	608.68706353687	1946.50776066234	250531.491595866	250531.491595866	130531.491595866	1401551.09725144	6.59431107172861	3848337.98480307	587.625113645083	2244.33422529807	325665.431509137	325665.431509137	325665.431509137	3522672.55320875	11.8168451802964	5500420.57353154	1196.31217718195	4190.84198596042	576196.923105003	576196.923105003	456196.923105003	4924223.65046019	18.411156252025
130000	1500	0.17	0.3	0.164690659086251	1750409.27108372	635.649355548267	2032.72991616614	265442.326279366	265442.326279366	135442.326279366	1484966.94481006	6.59431107172861	4048689.85491793	608.41372895865	2323.73280742364	335594.209905194	335594.209905063	335594.209905194	3713095.64632322	12.0642422804976	5799099.12600165	1244.06308450692	4356.46272358979	601036.53618456	601036.53618443	471036.53618456	5198062.59113328	18.6585533522262
110000	1500	0.15	0.28	0.150152403203819	1626039.99968244	644.648836218867	2052.74400781711	246582.240908816	246582.240908815	136582.240908816	1379457.76040784	6.59431107172861	3798662.28120316	609.71893794705	2233.75459445921	324152.502950675	324152.502950504	324152.502950675	3474509.77688032	11.7187504191785	5424702.2808856	1254.36777416592	4286.49860227631	570734.743859491	570734.74385932	460734.743859491	4853967.53728815	18.3130614909071
130000	1500	0.19	0.3	0.173974931736024	1693495.17136755	581.810522972354	1881.19455266741	256811.538587943	256811.538587943	126811.538587943	1436683.63367019	6.59431107172861	3932776.54797799	596.428859062081	2277.95863428158	329865.518702392	329865.518702392	329865.518702392	3602911.02832757	11.9223632785279	5626271.71934554	1178.23938203443	4159.15318694899	586677.057290335	586677.057290335	456677.057290335	5039594.66199776	18.5166743502565
130000	1500	0.17	0.28	0.159176005276679	1750409.27108372	635.649355548267	2032.72991616614	265442.326279366	265442.326279366	135442.326279366	1484966.94481006	6.59431107172861	4052302.9637602	637.32689055705	2334.89855956851	336784.828351527	336784.82835151	336784.828351527	3715518.13400024	12.0323204052472	5802712.23484392	1272.97624610532	4367.62847573465	602227.154630893	602227.154630876	472227.154630893	5200485.07881029	18.6266314769758
110000	1700	0.15	0.3	0.158150440332079	1515456.15333718	622.049220347003	1980.78044648961	242483.513021754	242483.513021754	132483.513021754	1272972.64141698	6.24972863331443	4034288.44161874	607.256813014108	2319.31416364917	333060.321213457	333060.32121343	333060.321213457	3701228.11921566	12.1127861335471	5549744.59495593	1229.30603336111	4300.09461013878	575543.834235212	575543.834235184	465543.834235212	4974200.76063264	18.3625147668616
110000	1700	0.15	0.28	0.152807805044681	1515456.15333718	622.049220347003	1980.78044648961	242483.513021754	242483.513021754	132483.513021754	1272972.64141698	6.24972863331443	4038221.21388566	636.150718785468	2330.58955924864	334262.862983854	334262.862983853	334262.862983854	3703958.34918673	12.0809747637614	5553677.36722285	1258.19993913247	4311.37000573824	576746.376005608	576746.376005607	466746.376005608	4976930.9906037	18.3307033970759
110000	1700	0.15	0.32	0.163228697890536	1515456.15333718	622.049220347003	1980.78044648961	242483.513021754	242483.513021754	132483.513021754	1272972.64141698	6.24972863331443	4036477.64562411	581.841495743708	2325.59066820302	333729.724245796	333729.724245796	333729.724245796	3702747.92118938	12.095049832787	5551933.7989613	1203.89071609071	4306.37111469263	576213.237267551	576213.23726755	466213.237267551	4975720.56260635	18.3447784661014
120000	1700	0.17	0.3	0.167653785088994	1542549.19358107	588.301851952071	1881.31831450919	246818.587512217	246818.587512217	126818.587512217	1295730.60609711	6.24972863331443	4096797.97771012	613.68527022441	2343.8665631262	336074.775687543	336074.775687525	336074.775687543	3760723.20028229	12.1901382440518	5639347.17129119	1201.98712217648	4225.18487763539	582893.36319976	582893.363199742	462893.36319976	5056453.8063794	18.4398668773662
120000	1700	0.17	0.28	0.161802270056392	1542549.19358107	588.301851952071	1881.31831450919	246818.587512217	246818.587512217	126818.587512217	1295730.60609711	6.24972863331443	4100769.36228558	642.883150073452	2355.25436525262	337289.124267287	337289.124267256	337289.124267287	3763480.23753381	12.1580242787533	5643318.55586665	1231.18500202552	4236.57267976181	584107.711779504	584107.711779473	464107.711779504	5059210.84363092	18.4077529120677
120000	1700	0.17	0.32	0.173220748171377	1542549.19358107	588.301851952071	1881.31831450919	246818.587512217	246818.587512217	126818.587512217	1295730.60609711	6.24972863331443	4099008.67738573	587.999937586686	2350.20564493718	336750.751609732	336750.75121223	336750.751609732	3762257.92577597	12.1722331955955	5641557.8709668	1176.30178953876	4231.52395944637	583569.339121948	583569.338724447	463569.339121948	5057988.53187308	18.4219618289099
110000	1700	0.15	0.34	0.168074265686307	1515456.15333718	622.049220347003	1980.78044648961	242483.513021754	242483.513021754	132483.513021754	1272972.64141698	6.24972863331443	4043991.54350252	559.31579311776	2347.13360078687	336027.283179203	336027.283179201	336027.283179203	3707964.25912205	12.0347118961308	5559447.69683971	1181.36501346476	4327.91404727648	578510.796200957	578510.796200955	468510.796200957	4980936.90053903	18.2844405294452
110000	1700	0.15	0.26	0.147163603853296	1515456.15333718	622.049220347003	1980.78044648961	242483.513021754	242483.513021754	132483.513021754	1272972.64141698	6.24972863331443	4049313.25276585	669.289436660995	2362.39172772964	337654.526644894	337654.526644866	337654.526644894	3711658.72511143	11.9924743553488	5564769.40610303	1291.338657008	4343.17217421924	580138.039666648	580138.03966662	470138.039666648	4984631.3665284	18.2422029886632
100000	1900	0.15	0.28	0.156036926744647	1322236.3260904	571.037388823304	1818.34436407574	223231.868328717	223231.868328716	123231.868328717	1099004.45886821	5.9231521784779	4055181.15197121	638.274536483074	2338.37033698829	333599.09508303	333599.095083029	333599.09508303	3721582.05688818	12.1558517746036	5377417.4780616	1209.31192530638	4156.71470106403	556830.963411747	556830.963411746	456830.963411747	4820586.51575639	18.0790039530815
100000	1900	0.15	0.3	0.161736694330937	1322236.3260904	571.037388823304	1818.34436407574	223231.868328717	223231.868328716	123231.868328717	1099004.45886821	5.9231521784779	4050868.59120031	609.246638469236	2326.91396370471	332377.194685514	332377.194685509	332377.194685514	3718491.39623235	12.1875647778744	5373104.91729071	1180.28402729254	4145.25832778045	555609.06301423	555609.063014226	455609.06301423	4817495.85510056	18.1107169563523
100000	1900	0.15	0.32	0.167171550121268	1322236.3260904	571.037388823304	1818.34436407574	223231.868328717	223231.868328716	123231.868328717	1099004.45886821	5.9231521784779	4053269.14684817	583.768060040307	2333.29104705643	333057.356709815	333057.356709784	333057.356709815	3720211.79047464	12.1698832514184	5375505.47293856	1154.80544886361	4151.63541113217	556289.225038532	556289.225038501	456289.225038532	4819216.24934285	18.0930354298963
100000	1900	0.15	0.26	0.15003472479509	1322236.3260904	571.037388823304	1818.34436407574	223231.868328717	223231.868328716	123231.868328717	1099004.45886821	5.9231521784779	4067346.98104571	671.640438781729	2370.6900627364	337046.102976735	337046.102976731	337046.102976735	3730300.87784243	12.067627974028	5389583.30713611	1242.67782760503	4189.03442681214	560277.971305451	560277.971305447	460277.971305451	4829305.33671065	17.9907801525059
110000	1900	0.17	0.3	0.170880852357094	1353536.54315303	542.71897751779	1735.5497839213	228516.253249628	228516.253249628	118516.253249628	1125020.29000352	5.9231521784779	4132642.14468246	617.643866359778	2358.98574810389	336244.781456722	336244.781456721	336244.781456722	3796397.36246482	12.290576305802	5486178.68783549	1160.36284387757	4094.5355320252	564761.03470635	564761.034706349	454761.03470635	4921417.65246833	18.2137284842799
110000	1900	0.17	0.28	0.164672904148328	1353536.54315303	542.71897751779	1735.5497839213	228516.253249628	228516.253249628	118516.253249628	1125020.29000352	5.9231521784779	4137009.41283665	647.069028899866	2370.58967055219	337482.182415984	337482.182415978	337482.182415984	3799527.23035055	12.2584528260138	5490545.95598968	1189.78800641766	4106.1394544735	565998.435665612	565998.435665607	455998.435665612	4924547.52035406	18.1816050044917
100000	1900	0.15	0.34	0.172373594736826	1322236.3260904	571.037388823304	1818.34436407574	223231.868328717	223231.868328716	123231.868328717	1099004.45886821	5.9231521784779	4061509.60740623	561.233779632543	2355.18231074661	335392.169337508	335392.1693375	335392.169337508	3726117.43701319	12.1097329564173	5383745.93349663	1132.27116845585	4173.52667482235	558624.037666225	558624.037666216	458624.037666225	4825121.89588141	18.0328851348952
110000	1900	0.17	0.32	0.176804837612631	1353536.54315303	542.71897751779	1735.5497839213	228516.253249628	228516.253249628	118516.253249628	1125020.29000352	5.9231521784779	4135073.15693161	591.812678431539	2365.44497488172	336933.572920102	336933.572920102	336933.572920102	3798139.58401163	12.2726658584192	5488609.70008463	1134.53165594933	4100.99475880303	565449.82616973	565449.82616973	455449.82616973	4923159.87401515	18.1958180368971
100000	2100	0.17	0.28	0.16781699531727	1181660.23751065	498.695884697339	1594.76924666881	210498.013146078	210498.013146078	110498.013146078	971162.22461592	5.61364081352145	4162507.20205111	650.059815479148	2381.54665884095	337408.527365482	337408.527365442	337408.527365482	3825098.6732385	12.3366982841401	5344167.43956176	1148.75570017649	3976.31590550976	547906.540511559	547906.54051152	447906.54051156	4796260.89785442	17.9503390976616
100000	2100	0.17	0.3	0.174405303454178	1181660.23751065	498.695884697339	1594.76924666881	210498.013146078	210498.013146078	110498.013146078	971162.22461592	5.61364081352145	4157699.14899035	620.456176710912	2369.72688939729	336148.160035298	336148.16003527	336148.160035298	3821550.98904328	12.3686506231121	5339359.386501	1119.15206140825	3964.4961360661	546646.173181375	546646.173181348	446646.173181375	4792713.2136592	17.9822914366336
100000	2100	0.17	0.26	0.160907939173772	1181660.23751065	498.695884697339	1594.76924666881	210498.013146078	210498.013146078	110498.013146078	971162.22461592	5.61364081352145	4176073.86550477	684.165318828576	2414.89914686761	340964.848549025	340964.848549007	340964.848549025	3835109.01517979	12.2478134666963	5357734.10301542	1182.86120352592	4009.66839353641	551462.861695103	551462.861695085	451462.861695103	4806271.23979571	17.8614542802178
100000	2100	0.17	0.32	0.180711851183851	1181660.23751065	498.695884697339	1594.76924666881	210498.013146078	210498.013146078	110498.013146078	971162.22461592	5.61364081352145	4160375.44631956	594.530026802719	2376.3060771931	336849.715804408	336849.715339954	336849.715804408	3823525.72883167	12.3508355490251	5342035.68383021	1093.22591150006	3971.0753238619	547347.728950486	547347.728486031	447347.728950486	4794687.95344759	17.9644763625465
100000	2100	0.17	0.34	0.186770267286171	1181660.23751065	498.695884697339	1594.76924666881	210498.013146078	210498.013146078	110498.013146078	971162.22461592	5.61364081352145	4169563.78726777	571.650269652009	2398.89445695772	339258.317874547	339258.317874513	339258.317874547	3830305.46941127	12.2902330395556	5351224.02477842	1070.34615434935	3993.66370362653	549756.331020625	549756.331020591	449756.331020625	4801467.69402719	17.9038738530771
100000	2100	0.17	0.24	0.153632569678363	1181660.23751065	498.695884697339	1594.76924666881	210498.013146078	210498.013146078	110498.013146078	971162.22461592	5.61364081352145	4200099.89446108	723.871526916036	2473.9693474715	347262.954100314	347262.954100311	347262.954100314	3852836.94039956	12.0948688735931	5381760.13197174	1222.56741161337	4068.73859414031	557760.967246392	557760.967246389	457760.967246392	4823999.16501548	17.7085096871145
100000	2100	0.17	0.36	0.192609772468241	1181660.23751065	498.695884697339	1594.76924666881	210498.013146078	210498.013146078	110498.013146078	971162.22461592	5.61364081352145	4184510.95136692	551.325213545753	2435.6418820414	343176.519021801	343176.519021751	343176.519021801	3841334.43198087	12.1934652257978	5366171.18887757	1050.02109824309	4030.41112871021	553674.532167878	553674.532167829	453674.532167878	4812496.65659679	17.8071060393193
100000	2100	0.17	0.38	0.198255931390476	1181660.23751065	498.695884697339	1594.76924666881	210498.013146078	210498.013146078	110498.013146078	971162.22461592	5.61364081352145	4204626.15936372	533.165851061855	2485.09818798071	348449.454393942	348449.454393941	348449.454393942	3856176.70348788	12.0666745344599	5386286.39687437	1031.86173575919	4079.86743464952	558947.46754002	558947.467540019	458947.46754002	4827338.9281038	17.6803153479813
